v 0.25 0 1
 v 0.5 0 1
 v 0.75 0 1
 h 0.25 0 1
 h 0.5 0 1
 h 0.75 0 1
 h 0.875000 0.000000 0.500000
 h 0.812500 0.000000 0.500000
 h 0.781250 0.000000 0.625000
 v 0.968750 0.000000 0.375000
 v 0.906250 0.250000 0.625000
 h 0.718750 0.375000 0.625000
 v 0.781250 0.000000 0.625000
 h 0.656250 0.375000 0.750000
 h 0.593750 0.500000 0.875000
 v 0.843750 0.375000 0.750000
 h 0.531250 0.750000 0.843750
 v 0.875000 0.000000 1.000000
 h 0.625000 0.000000 1.000000
 v 0.625000 0.000000 1.000000
 v 0.718750 0.562500 1.000000
 v 0.656250 0.625000 0.750000
 h 0.468750 0.812500 0.906250
 h 0.796875 0.000000 0.375000
 v 0.375000 0.000000 1.000000
 v 0.593750 0.656250 1.000000
 v 0.984375 0.000000 0.250000